+989160070175
+989160102436
+989160297645
+989160296815
+989160302418
+989160354721
+989160368852
+989160375634
+989160406173
+989160575047
+989160584693
+989160606829
+989160706685
+989160737091
+989160896577
+989160944331
+989161301120
+989161310187
+989161310384
+989161310496
+989161310713
+989161314237
+989161313913
+989161500366
+989162360076
+989162411587
+989163002028
+989163008895
+989163020152
+989163040743
+989163041619
+989163064681
+989163061589
+989163118801
+989163123949
+989163132038
+989163145974
+989163155448
+989163176639
+989163229116
+989163239124
+989163301607
+989163303285
+989163305970
+989163307198
+989163307512
+989163308427
+989163306990
+989163310997
+989163312359
+989163312500
+989163313278
+989163313780
+989163316209
+989163316408
+989163320975
+989163321434
+989163321814
+989163321902
+989163322230
+989163323545
+989163326322
+989163327932
+989163326534
+989163330419
+989163330434
+989163330513
+989163331460
+989163332181
+989163332279
+989163333033
+989163333110
+989163333257
+989163334720
+989163334789
+989163334565
+989163335395
+989163336003
+989163336008
+989163337034
+989163337283
+989163337356
+989163337479
+989163338785
+989163338621
+989163339496
+989163341156
+989163341244
+989163340379
+989163340625
+989163342052
+989163342307
+989163345821
+989163346022
+989163346356
+989163346771
+989163529330
+989163348071
+989163348592
+989163348807
+989163346942
+989163347862
+989163349022
+989163349138
+989163350914
+989163351506
+989163352015
+989163355494
+989163355327
+989163422183
+989163441147
+989163500131
+989163503383
+989163506894
+989163510270
+989163532050
+989163533625
+989163534938
+989163543454
+989163543757
+989163543917
+989163546343
+989163545672
+989163628325
+989163725476
+989164911380
+989165022115
+989165020915
+989165027563
+989165043122
+989165075161
+989165177883
+989165210045
+989165219299
+989165239429
+989165244778
+989165244936
+989165796626
+989165820916
+989165892891
+989166099025
+989166113641
+989166125688
+989166130309
+989166140944
+989166149071
+989166150690
+989166156370
+989166158457
+989166168573
+989166302053
+989166302970
+989166303087
+989166303119
+989166303191
+989166304244
+989166304273
+989166304654
+989166306419
+989166307819
+989166308467
+989166308652
+989166309507
+989166310525
+989166310710
+989166311265
+989166311297
+989166311391
+989166311650
+989166311863
+989166312471
+989166312849
+989166312850
+989166314438
+989166314523
+989166314375
+989166315607
+989166315718
+989166315549
+989166315925
+989166316138
+989166316303
+989166318174
+989166317803
+989166319512
+989166319809
+989166330156
+989166320813
+989166320824
+989166330602
+989166330688
+989166333107
+989166335247
+989166335312
+989166336612
+989166336801
+989166339369
+989166338916
+989166339507
+989166518024
+989166515596
+989166521244
+989166520841
+989166526199
+989166688580
+989166803812
+989166830810
+989166821775
+989166822336
+989166906272
+989166938817
+989167000226
+989167000483
+989167002720
+989167073095
+989167073270
+989167175799
+989167233347
+989167237674
+989167240113
+989167256024
+989167268503
+989167382757
+989167536168
+989167538165
+989167592297
+989167608980
+989167624389
+989167661051
+989167663902
+989167680225
+989167761027
+989167817266
+989167857027
+989167903263
+989167922435
+989168059249
+989168149808
+989168153771
+989168156855
+989168172140
+989168197524
+989168199865
+989168205590
+989168227554
+989168241741
+989168241812
+989168245573
+989168246154
+989168256484
+989168272685
+989168277650
+989168278865
+989168312196
+989168323260
+989168334151
+989168335243
+989168529989
+989168536628
+989168537588
+989168742132
+989168800435
+989168822205
+989169012604
+989169021992
+989169028403
+989169083633
+989169086206
+989169092454
+989169143387
+989169210644
+989169229799
+989169275435
+989169286105
+989169287375
+989169287185
+989169289868
+989169294525
+989169294382
+989169296158
+989169297259
+989169301352
+989169300231
+989169304573
+989169308764
+989169311630
+989169333921
+989169337207
+989169338507
+989169339297
+989169348948
+989169353371
+989169361650
+989169359747
+989169360877
+989169364818
+989169531652
+989169538758
+989169600440
+989169772074
+989169781286
+989169867365
+989169870383
+989169877355
+989169897108
+989169908075
+989169947894
+989169975196
+989170140817
+989170166623
+989170374001
+989170603700
+989170912143
+989171000631
+989171010017
+989171018140
+989171036113
+989171064152
+989171067610
+989171081932
+989171120071
+989171155297
+989171157254
+989171178285
+989171196775
+989171198053
+989171199767
+989171204695
+989171391356
+989171481673
+989171590400
+989171592633
+989171595208
+989171688128
+989171692671
+989171761953
+989171771882
+989171776145
+989171985466
+989172502778
+989172591598
+989172620018
+989172691069
+989173001043
+989173021610
+989173037871
+989173066410
+989173072819
+989173074766
+989173105256
+989173112046
+989173115185
+989173118580
+989173123614
+989173130464
+989173138872
+989173139440
+989173147832
+989173162511
+989173165037
+989173174123
+989173197006
+989173198134
+989173362696
+989173381897
+989173387494
+989173602452
+989173644051
+989173691688
+989173711108
+989173715635
+989173717972
+989173761737
+989173898838
+989173921278
+989173957317
+989174090062
+989174164260
+989174437602
+989175245334
+989175275514
+989175310475
+989175802334
+989175856953
+989175980587
+989176030891
+989176062514
+989176763735
+989176886373
+989177021890
+989177028069
+989177029043
+989177033641
+989177052836
+989177058525
+989177061157
+989177067868
+989177108355
+989177147242
+989177148944
+989177152058
+989177151802
+989177154615
+989177168348
+989177173836
+989177198480
+989177316563
+989177379420
+989177380903
+989177427789
+989177526840
+989177610623
+989177676805
+989177678708
+989177692086
+989177710682
+989177711773
+989177719142
+989177721710
+989177729121
+989177736567
+989177745461
+989177757106
+989177846401
+989177905312
+989177918978
+989178013009
+989178025178
+989178033819
+989178167545
+989178362491
+989178548683
+989178618120
+989178729801
+989178844575
+989179111060
+989179207268
+989179246114
+989179610711
+989189298511
+989194093833
+989194188992
+989194483217
+989194640272
+989194998992
+989195359089
+989195599078
+989195688601
+989195823220
+989196018054
+989196214436
+989196268049
+989196310709
+989196423821
+989196426104
+989196830958
+989197019461
+989197706242
+989197934107
+989197953205
+989198236246
+989199060818
+989199399901
+989199516087
+989199599678
+989199649940
+989351272155
+989351293841
+989351295591
+989351357771
+989351394287
+989351400577
+989351436484
+989351505669
+989351542133
+989351545276
+989351651026
+989351669589
+989351726282
+989351808535
+989351812301
+989351950782
+989352319699
+989352381589
+989352429917
+989352439965
+989352516944
+989352622137
+989352627746
+989352629691
+989352639763
+989352661120
+989352664738
+989352678850
+989352684512
+989352684671
+989352759757
+989352970305
+989352983326
+989353197277
+989353299847
+989353342770
+989353438505
+989353438817
+989353491049
+989353497686
+989353504249
+989353536226
+989353598110
+989353620350
+989353635361
+989353654478
+989353708921
+989353743392
+989353731634
+989353833500
+989353890172
+989353950164
+989353955665
+989353974636
+989354058671
+989354115610
+989354167950
+989354214465
+989354239362
+989354299589
+989354358047
+989354414165
+989354492214
+989354514135
+989354694847
+989354792087
+989354815666
+989354845796
+989354852412
+989354880362
+989354945442
+989354959132
+989354962455
+989354997776
+989355190796
+989355200078
+989355208072
+989355230879
+989355287193
+989355307953
+989355320441
+989355350999
+989355405064
+989355433080
+989355433814
+989355482609
+989355502256
+989355511359
+989355512662
+989355514489
+989355570531
+989355592754
+989355596316
+989355605811
+989355636280
+989355706046
+989355816834
+989355853430
+989355877411
+989355902026
+989355932029
+989356237899
+989356256611
+989356260311
+989356309319
+989356312248
+989356337436
+989356357200
+989356366465
+989356380734
+989356432001
+989356473860
+989356483173
+989356483218
+989356567140
+989356569514
+989356592124
+989356607364
+989356611019
+989356621420
+989356633652
+989356639782
+989356648825
+989356720623
+989356762738
+989356843835
+989356899178
+989356947946
+989357000962
+989357012822
+989357022011
+989357027007
+989357099221
+989357129137
+989357150491
+989357151595
+989357163019
+989357220036
+989357235448
+989357271982
+989357323382
+989357367976
+989357376871
+989357499949
+989357583092
+989357753057
+989357764718
+989357794261
+989357795557
+989357886610
+989357913770
+989357948499
+989357992536
+989358001269
+989358072493
+989358114228
+989358184725
+989358206774
+989358222380
+989358291205
+989358352801
+989358354788
+989358364565
+989358374023
+989358466553
+989358474578
+989358576643
+989358596877
+989358620018
+989358630412
+989358642452
+989358743765
+989358747814
+989358754381
+989358795750
+989358818806
+989358831579
+989358870822
+989358872055
+989358872437
+989358894421
+989358893975
+989358915120
+989358915228
+989358927766
+989358928280
+989358934939
+989358996896
+989359013023
+989359083939
+989359083940
+989359100132
+989359267985
+989359361754
+989359366061
+989359366112
+989359366175
+989359370709
+989359434280
+989359514291
+989359547672
+989359630957
+989359707278
+989359796661
+989359895271
+989359900293
+989359951747
+989359950987
+989359953331
+989359952196
+989359955794
+989359995650
+989361114408
+989361118538
+989361195061
+989361202217
+989361328879
+989361371803
+989361425046
+989361455472
+989361520525
+989361634230
+989361656034
+989361790410
+989361925031
+989362053209
+989362114437
+989362146489
+989362158208
+989362157361
+989362192071
+989362195454
+989362239876
+989362238735
+989362261494
+989362270065
+989362285376
+989362556325
+989362622541
+989362743212
+989362800547
+989362963743
+989363030082
+989363059464
+989363066492
+989363073168
+989363114872
+989363147891
+989363158556
+989363160881
+989363165188
+989363228033
+989363238286
+989363240016
+989363244608
+989363280188
+989363304007
+989363311202
+989363334840
+989363383236
+989363407799
+989363438829
+989363522884
+989363702431
+989363745584
+989363780443
+989363840642
+989363852403
+989363851807
+989363875107
+989363899654
+989364152429
+989364213335
+989364224921
+989364260844
+989364322508
+989364414950
+989364491159
+989364494364
+989364528668
+989364545070
+989364562818
+989364583338
+989364714989
+989364748786
+989364872051
+989364925221
+989364952452
+989364958621
+989364966026
+989364991337
+989364999622
+989365016953
+989365053042
+989365092687
+989365281128
+989365281103
+989365281901
+989365288057
+989365403650
+989365456471
+989365483674
+989365483367
+989365494771
+989365497723
+989365514710
+989365526493
+989365531026
+989365542755
+989365546510
+989365643769
+989365652823
+989365671031
+989365682122
+989365688148
+989365699437
+989365707675
+989365727345
+989365727693
+989365729538
+989365756559
+989365819163
+989365864828
+989365884833
+989365950087
+989365989798
+989365992996
+989366038068
+989366066392
+989366095502
+989366174500
+989366247034
+989366259301
+989366308686
+989366314984
+989366317918
+989366318107
+989366321142
+989366363930
+989366376716
+989366430473
+989366441020
+989366479218
+989366552569
+989366553395
+989366561576
+989366613320
+989366869692
+989366874411
+989366905275
+989366921151
+989367017742
+989367168233
+989367306066
+989367333528
+989367337924
+989367371871
+989367432772
+989367437513
+989367489844
+989367549826
+989367553395
+989367555279
+989367564118
+989367565194
+989367595290
+989367665293
+989367799146
+989367810812
+989367815295
+989367847673
+989367946603
+989371207013
+989371272971
+989371353404
+989371451965
+989371590503
+989371610115
+989371730668
+989371831515
+989371875835
+989371885325
+989371905332
+989371907882
+989371993671
+989372073536
+989372071499
+989372108655
+989372150443
+989372205254
+989372209506
+989372369308
+989372404374
+989372406120
+989372406971
+989372445984
+989372455791
+989372525851
+989372665750
+989372682155
+989372684459
+989372693834
+989372700163
+989372794095
+989372802004
+989372887673
+989372951777
+989373093926
+989373160539
+989373164926
+989373202840
+989373218809
+989373232595
+989373230580
+989373293187
+989373295389
+989373351911
+989373372590
+989373399692
+989373401711
+989373475531
+989373586018
+989373587161
+989373604141
+989373649347
+989373707909
+989373723994
+989373724253
+989373724314
+989373837685
+989373846372
+989374041232
+989374170029
+989374312924
+989374388774
+989374406239
+989374460656
+989374467595
+989374699370
+989374746696
+989374837929
+989374992124
+989375032433
+989375094882
+989375105325
+989375105450
+989375121990
+989375220992
+989375227753
+989375241041
+989375238626
+989375323401
+989375353716
+989375363637
+989375365945
+989375365960
+989375381252
+989375401753
+989375422668
+989375425982
+989375439450
+989375583243
+989375661809
+989375661512
+989375710421
+989375735002
+989375765411
+989375818294
+989375818711
+989375877808
+989375907562
+989375907285
+989375921851
+989375965430
+989376071510
+989376087524
+989376164251